1072
1099
110000
1141
1133
1108
1106
1090
1073
1061
1051
1040
1033
130000
1053
1046
1028
1030
1022
1007
1003
1034
1032
1007
50000
982
963
950
936
922
919
914
906
900
890
130000
884
883
885
891
883
876
863
846
839
834
10000
824
815
816
843
846
835
828
821
814
812
130000
812
818
812
811
807
797
790
785
784
783
30000
782
777
846
970
973
943
928
921
917
915
100000
920
912
902
896
903
894
880
872
871
892
100000
911
898
880
867
856
847
843
838
830
829
130000
822
817
805
800
793
785
782
779
773
766
20000
762
775
774
786
839
925
974
940
918
905
90000
894
882
878
874
871
877
874
868
870
858
50000
847
840
836
830
827
823
815
809
807
823
30000
830
834
862
1104
1256
1227
1171
1131
1105
1094
70000
1076
1063
1055
1054
1071
1081
1081
1090
1081
1064
150000
1097
1106
1081
1069
1062
1049
1069
1082
1064
1074
40000
1155
1165
1149
1125
1117
1098
1080
1066
1064
1053